-2.0 0.103545310975173 1.198500276707723
-1.95959595959596 0.1101273284449373 1.2440762911755798
-1.9191919191919191 0.1167225042910917 1.2893795104992436
-1.878787878787879 0.1233014152879545 1.3343682261223009
-1.8383838383838385 0.1298368742051177 1.379026020324663
-1.797979797979798 0.1363043909762085 1.423361921644195
-1.7575757575757576 0.1426824593684416 1.4674098771386563
-1.7171717171717171 0.1489526622087737 1.5112276365275823
-1.676767676767677 0.1550996018197563 1.5548951848989367
-1.6363636363636362 0.1611106753522041 1.5985128935537931
-1.595959595959596 0.1669757264074333 1.642199580559199
-1.5555555555555556 0.172686614139596 1.6860906822424573
-1.5151515151515151 0.1782367485192345 1.7303367331528463
-1.4747474747474747 0.1836206453674487 1.7751023339231025
-1.4343434343434345 0.1888335569718979 1.820565752588612
-1.393939393939394 0.1938712334397218 1.866919253173676
-1.3535353535353534 0.1987298662784323 1.914370172790329
-1.3131313131313131 0.2034062588163341 1.963142671437732
-1.2727272727272727 0.2078982576895507 2.0134799532150494
-1.2323232323232325 0.212205465347239 2.0656466006088303
-1.1919191919191918 0.2163302348711772 2.119930474228871
-1.1515151515151514 0.2202789247835567 2.1766434133995025
-1.1111111111111112 0.224063362282236 2.2361197420767702
-1.0707070707070705 0.2277024279220616 2.298711367782664
-1.0303030303030305 0.2312236329704354 2.364778107313057
-0.9898989898989898 0.2346645133554116 2.434671856603715
-0.9494949494949494 0.238073614281583 2.508713445374668
-0.909090909090909 0.2415107939160957 2.5871616004441305
-0.8686868686868685 0.2450465452372281 2.6701744963485807
-0.8282828282828283 0.2487600409899125 2.757765947537126
-0.7878787878787878 0.2527356719812215 2.8497603024770344
-0.7474747474747474 0.2570579979488922 2.9457522232452
-0.707070707070707 0.2618052758440172 3.045079197399493
-0.6666666666666665 0.2670420579264332 3.146815059699866
-0.6262626262626261 0.2728117045312332 3.249791264160414
-0.5858585858585856 0.2791299323287446 3.3526488170778737
-0.5454545454545454 0.285980595586468 3.453918110820686
-0.505050505050505 0.2933146811096708 3.552117726745706
-0.4646464646464645 0.3010529802973958 3.645858493675448
-0.4242424242424241 0.309092196578149 3.733937390535165
-0.3838383838383836 0.3173135589604611 3.815407970292247
-0.3434343434343432 0.3255925582476586 3.8896191917413567
-0.303030303030303 0.3338083308768443 3.95622113998246
-0.2626262626262625 0.3418514764426766 4.015142084601956
-0.2222222222222221 0.3496295795256524 4.066545201853856
-0.1818181818181816 0.3570702384176322 4.110774580433482
-0.1414141414141412 0.3641218368050065 4.1482992346841545
-0.1010101010101007 0.3707525560503342 4.1796616411850405
-0.0606060606060605 0.3769482141328008 4.205434710296366
-0.0202020202020201 0.382709476477339 4.22618877227248
0.0202020202020203 0.3880488715790252 4.242468435415071
0.0606060606060609 0.39298791031493 4.254778123275292
0.1010101010101012 0.3975544848695105 4.263574615589191
0.1414141414141414 0.4017806271551368 4.269264836555087
0.1818181818181821 0.4057006410543696 4.27220729126333
0.2222222222222223 0.4093495842591158 4.272715819323421
0.262626262626263 0.4127620575269218 4.271064629467058
0.3030303030303032 0.4159712550714862 4.267493852319835
0.3434343434343434 0.4190082337581826 4.262215079165854
0.3838383838383841 0.4219013663825993 4.255416537308454
0.4242424242424243 0.4246759525476893 4.2472676912190845
0.464646464646465 0.427353967679722 4.2379231603649545
0.5050505050505052 0.4299539356239917 4.227525917368034
0.5454545454545459 0.4324909128244267 4.216209781084373
0.5858585858585861 0.4349765725910151 4.204101254005657
0.6262626262626263 0.4374193769708108 4.19132077631348
0.666666666666667 0.4398248219730996 4.177983482939757
0.7070707070707072 0.4421957400597903 4.164199557114015
0.7474747474747478 0.4445326424806283 4.150074275454951
0.7878787878787881 0.4468340835989039 4.135707836642327
0.8282828282828287 0.4490970299852961 4.121195058861033
0.868686868686869 0.4513172187164108 4.106625021292309
0.9090909090909092 0.4534894917999435 4.092080712743475
0.9494949494949498 0.4556080966619167 4.077638736934096
0.98989898989899 0.4576669458433787 4.063369109904459
1.0303030303030307 0.4596598321595022 4.049335171357592
1.070707070707071 0.4615805983323468 4.035593619251271
1.1111111111111112 0.4634232623617008 4.022194666203541
1.1515151515151518 0.4651821015728775 4.009182307626677
1.191919191919192 0.4668516993755809 3.9965946850930103
1.2323232323232327 0.468426959337943 3.9844645241879686
1.272727272727273 0.4699030913126653 3.972819623781663
1.3131313131313136 0.4712755741514501 3.961683372899193
1.3535353535353538 0.4725400991141453 3.95107527178188
1.393939393939394 0.4736924975159573 3.9410114348842193
1.4343434343434347 0.4747286555413127 3.931505055043974
1.474747474747475 0.4756444185523878 3.922566809536715
1.5151515151515156 0.4764354866852736 3.914205189874318
1.5555555555555558 0.4770973030963775 3.9064267377725455
1.5959595959595965 0.4776249359266152 3.8992361694830304
1.636363636363637 0.4780129549163947 3.892636369481776
1.676767676767677 0.4782553036531424 3.886628232181276
1.7171717171717176 0.4783451686875101 3.8812103267671616
1.7575757575757578 0.4782748472369646 3.876378355379167
1.7979797979797985 0.4780356159280905 3.8721243686655273
1.838383838383839 0.4776176040298472 3.868435695395523
1.878787878787879 0.4770096759084174 3.8652935347359767
1.91919191919192 0.4761993289822636 3.862671151851554
1.95959595959596 0.4751726152383703 3.860531611252377
2.0 0.4739140963133458 3.858824980438571
