-2.0 0.2830137585127016 0.6011917955753994
-1.95959595959596 0.2880101747316685 0.6496467936037358
-1.9191919191919191 0.2928273884670477 0.6965751142550634
-1.878787878787879 0.2974892816097067 0.7422369194028282
-1.8383838383838385 0.3020160404667796 0.7868746063927397
-1.797979797979798 0.3064242927670448 0.8307146760840016
-1.7575757575757576 0.3107272022872511 0.873969688132763
-1.7171717171717171 0.3149345116343999 0.916840212624758
-1.676767676767677 0.3190525265080093 0.9595166949664432
-1.6363636363636362 0.3230840377449137 1.0021811534071463
-1.595959595959596 0.3270281810061212 1.0450086258339626
-1.5555555555555556 0.3308802385379977 1.0881682752111883
-1.5151515151515151 0.3346313934845526 1.1318240525664662
-1.4747474747474747 0.338268455159218 1.176134805043063
-1.4343434343434345 0.3417735837740858 1.221253707787835
-1.393939393939394 0.3451240553358924 1.267326897410555
-1.3535353535353534 0.3482921211826016 1.3144911981451926
-1.3131313131313131 0.3512450305803582 1.3628708676831105
-1.2727272727272727 0.3539452964924631 1.4125733562021137
-1.2323232323232325 0.3563512904344462 1.4636841758490615
-1.1919191919191918 0.3584182475685268 1.51626112031571
-1.1515151515151514 0.3600997428230463 1.570328247631123
-1.1111111111111112 0.3613496587693032 1.6258702234957654
-1.0707070707070705 0.3621246051054039 1.682827782422264
-1.0303030303030305 0.3623866718803147 1.7410951527509502
-0.9898989898989898 0.3621063147661609 1.800520259644018
-0.9494949494949494 0.3612650980084265 1.8609083305600085
-0.909090909090909 0.3598579799593538 1.9220291746707097
-0.8686868686868685 0.3578948358613736 1.9836279303454265
-0.8282828282828283 0.3554009818455605 2.045438558131968
-0.7878787878787878 0.3524165868248933 2.1071989139943845
-0.7474747474747474 0.3489950127765047 2.168665977890687
-0.707070707070707 0.3452002755156899 2.229629803886299
-0.6666666666666665 0.3411039332569844 2.2899250017501136
-0.6262626262626261 0.3367817648596271 2.349438991136188
-0.5858585858585856 0.3323105866539248 2.4081167788633624
-0.5454545454545454 0.3277654868200967 2.4659624810500387
-0.505050505050505 0.3232176522209917 2.523038155457173
-0.4646464646464645 0.3187328506676611 2.579460682032635
-0.4242424242424241 0.3143705338425103 2.6353974348113787
-0.3838383838383836 0.3101834558261693 2.691061362934425
-0.3434343434343432 0.3062176633868931 2.746705894383184
-0.303030303030303 0.3025127038161193 2.8026198435867102
-0.2626262626262625 0.2991019072528639 2.859122282988246
-0.2222222222222221 0.2960126254549475 2.91655715499374
-0.1818181818181816 0.2932663413390578 2.9752872690159213
-0.1414141414141412 0.2908785988165712 3.0356872559351418
-0.1010101010101007 0.2888587379255407 3.098135043682261
-0.0606060606060605 0.2872094547653208 3.1630014772010235
-0.0202020202020201 0.2859262385634061 3.2306378387622234
0.0202020202020203 0.2849967683498614 3.301361234378551
0.0606060606060609 0.2844003772965609 3.375438097824029
0.1010101010101012 0.2841077107299505 3.453066413993959
0.1414141414141414 0.2840807100677202 3.5343576504155583
0.1818181818181821 0.2842730450789609 3.619319761910882
0.2222222222222223 0.2846310874766161 3.707842931355591
0.262626262626263 0.2850954689735807 3.7996898495808393
0.3030303030303032 0.2856031995858797 3.89449224356281
0.3434343434343434 0.2860902448839988 3.991754983649921
0.3838383838383841 0.2864943860049245 4.090868436403304
0.4242424242424243 0.2867581275881899 4.19112884376554
0.464646464646465 0.2868313892426917 4.291765531073602
0.5050505050505052 0.2866737237376631 4.391972848992242
0.5454545454545459 0.2862558504498526 4.490944114508668
0.5858585858585861 0.2855603682694008 4.587904566844514
0.6262626262626263 0.2845816045344543 4.682140547072965
0.666666666666667 0.2833246494023853 4.7730227009459885
0.7070707070707072 0.2818037036899091 4.860021867028171
0.7474747474747478 0.2800399227231797 4.942717276635724
0.7878787878787881 0.278058965431425 5.020797589734551
0.8282828282828287 0.2758884587674612 5.094055992922327
0.868686868686869 0.2735555682916825 5.162381022596778
0.9090909090909092 0.2710848335646504 5.225744938565906
0.9494949494949498 0.268496388420301 5.284191395316169
0.98989898989899 0.2658046460988654 5.337823897922948
1.0303030303030307 0.2630174906464803 5.386796149591736
1.070707070707071 0.2601359808187187 5.431304953236628
1.1111111111111112 0.2571545427032368 5.471585865192507
1.1515151515151518 0.2540616048670623 5.507911353420018
1.191919191919192 0.2508406183587274 5.540590823930997
1.2323232323232327 0.2474714065223174 5.569971591485917
1.272727272727273 0.2439318070785777 5.596439731908724
1.3131313131313136 0.2401995967607001 5.6204198055069465
1.3535353535353538 0.2362547149641914 5.642372700934875
1.393939393939394 0.2320818085533018 5.66279128638025
1.4343434343434347 0.2276730846026865 5.682194079217866
1.474747474747475 0.2230313686360042 5.701117610681193
1.5151515151515156 0.2181731285867154 5.720108403285057
1.5555555555555558 0.2131310699530321 5.739715369519149
1.5959595959595965 0.207955787573958 5.760482956958947
1.636363636363637 0.2027159324654356 5.782944623528268
1.676767676767677 0.197496460669558 5.807615469800126
1.7171717171717176 0.192394782210537 5.834982383359424
1.7575757575757578 0.1875149864197708 5.865490119930791
1.7979797979797985 0.1829607147064675 5.899522473972573
1.838383838383839 0.1788275969684724 5.937378999804973
1.878787878787879 0.175196381792338 5.979249362311728
1.91919191919192 0.1721279123066084 6.02518891418319
1.95959595959596 0.1696608969589394 6.075100057149911
2.0 0.1678129999640788 6.128723956163343
